33.306 -44.311
56.060 46.838
-51.879 64.292
-38.834 0.576
-90.435 -21.857
-22.525 -49.048
31.280 11.775
-15.015 -46.521
-4.536 33.843
-34.369 -33.029
27.562 -16.090
-83.805 25.671
10.612 -10.063
28.737 -34.216
57.971 57.624
-33.945 0.403
-28.663 -35.905
-0.875 -20.576
-18.326 12.226
-24.560 -23.901
3.883 -11.734
-48.406 9.488
31.723 14.217
-49.558 42.110
57.729 -2.244
-7.410 -15.300
23.549 56.338
3.951 -4.959
-10.662 28.430
-84.477 -24.566
-43.452 -16.360
48.535 53.425
-13.346 4.870
17.528 73.007
29.066 39.412
-14.084 28.582
4.662 2.268
-27.002 41.552
-12.889 -36.234
38.378 9.469
-17.680 -35.093
-40.819 -49.707
27.081 -22.305
-32.603 19.325
11.167 64.005
29.178 -5.977
-27.161 -14.578
24.816 1.935
25.942 -22.240
27.626 9.601
47.443 -72.159
-18.119 -4.679
87.501 -23.598
44.411 -3.711
-40.166 19.874
-18.557 -49.333
28.361 -4.947
1.687 47.728
26.813 4.552
-41.359 54.307
-68.820 -22.772
-30.451 3.372
50.601 56.624
-24.622 10.562
10.477 -28.232
5.649 27.199
72.303 -31.471
-86.091 43.266
-32.079 -33.963
14.074 21.500
21.592 -48.486
-25.160 -26.225
-8.512 -61.820
18.801 83.560
-17.081 -15.263
24.866 33.283
68.798 11.261
-52.961 13.057
-1.440 -54.852
39.546 67.245
-15.045 -7.898
17.774 77.972
28.825 -49.022
-13.561 -10.268